362921613618|1|11|0|638|0
182740548528|340|0|281|131710|0
254520095292|1|0|0|189|0
124090967722|1|0|0|178|0
264640360432|1|31|0|275|0
264638527547|1|0|0|121|0
333525587319|1|11|0|233|0
174197049934|1|0|0|497|0
324077668355|1|1|0|254|0
324081386016|1|0|0|85|0
352980561478|1|0|0|62|0
143493290069|4|0|0|3241|0
193358010598|1|0|0|103|0
164062576574|1|0|0|1655|0
383428344595|1|0|0|121|0
133336968473|1|0|0|483|0
283791538855|1|1|0|172|0
283792256429|1|0|0|54|0
193334286803|24|0|2|2457|0
274282660768|1|0|0|45|0
223925745917|1|0|0|69|0
283794476242|1|0|0|43|0
133252373971|11|0|5|3482|0
174199226989|1|0|0|49|0
174193463832|1|0|0|290|0
233504679037|1|0|0|82|0
153822429069|1|0|0|1096|0
164096162891|1|0|0|18|0
362925735268|2|0|0|53|0
164092606313|1|0|0|38|0
352977298441|1|0|0|146|0
153842501912|1|0|0|55|0
264556059892|162|0|11|4497|0
333526814068|1|0|0|9|0
174202010074|1|0|0|18|0
352932913776|1|0|0|535|0
202912241072|1|0|0|60|0
123926197916|3|0|1|1695|0
153844472025|1|0|0|2|0
153841747539|1|0|0|37|0
362920981740|1|0|0|20|0
401813541842|1|0|0|2486|0
153842385766|1|0|0|78|0
293489493767|1|0|0|25|0
362923060937|1|0|0|46|0
193356233007|1|0|0|49|0
324083206754|1|0|0|92|0
133262686238|1|0|0|1100|0
264644828315|1|0|0|17|0
173946456476|4|0|2|11444|0
223923284268|1|0|0|103|0
114129500204|1|0|0|46|0
372962599636|1|0|0|69|0
274284855454|1|0|0|55|0
323937456921|1|0|0|1043|0
174200398140|1|0|0|45|0
254442899733|153|0|2|1570|0
153844406273|1|0|0|12|0
293377117208|1|0|0|942|0
313007170421|1|0|0|26|0
372962602637|1|0|0|54|0
133342677923|1|0|0|8|0
124093486683|1|0|0|86|0
254517568798|1|0|0|51|0
174199067553|1|0|0|15|0
352769261216|28|0|18|6205|0
264582370052|1|0|0|1659|0
202907647547|6|0|0|87|0
362904376195|1|0|0|402|0
312862631570|7|0|1|544|0
114123969465|1|0|0|33|0
223868419808|24|0|0|496|0
223926484576|1|0|0|73|0
323922230769|1|0|0|888|0
333521364436|1|0|0|74|0
114128863637|1|0|0|15|0
153804202737|11|0|0|90|0
362925258928|1|0|0|4|0
164015497479|1|0|0|332|0
133342674601|1|0|0|109|0
372962609068|1|0|0|75|0
362923703681|1|0|0|15|0
362925735272|1|0|0|16|0
333521358519|1|0|0|62|0
233506064359|1|0|0|21|0
323922233934|1|0|0|392|0
254520720091|1|0|0|23|0
233503335142|1|0|0|82|0
123978653711|1|0|0|1527|0
233486404254|1|0|0|298|0
392661592308|2|0|0|279|0
184142023322|1|0|0|264|0
372929987505|2|0|0|322|0
372916110701|2|0|0|598|0
283791410787|1|0|0|27|0
362906378830|1|0|0|128|0
352981152545|1|0|0|16|0
254523086623|1|0|0|7|0
123926407680|1|0|0|1157|0
124047383146|2|0|0|452|0
114129501574|1|0|0|42|0
293490895425|1|0|0|17|0
164095560489|1|0|0|1|0
174164173419|11|0|0|86|0
164095656590|1|0|0|5|0
124091150691|1|0|0|27|0
123797988208|1|0|0|517|0
254520871778|1|0|0|13|0
303493404746|1|0|0|48|0
123803391391|2|0|0|2158|0
362925848056|1|0|0|15|0
372965650510|1|0|0|13|0
372962603130|3|0|0|58|0
372929987530|1|0|0|301|0
114046515811|5|0|0|94|0
233506206256|1|0|0|14|0
362925735439|1|0|0|14|0
124047391826|1|0|0|296|0
233506063573|2|0|0|28|0
133336628439|1|0|0|275|0
133208085360|1|0|0|827|0
233503330745|1|0|0|62|0
362925735386|1|0|0|12|0
372965641528|1|0|0|11|0
233506063524|1|0|0|24|0
362889163684|1|0|0|513|0
372965641552|1|0|0|13|0
233466212964|1|0|0|210|0
233506270576|1|0|0|14|0
362883724673|1|0|0|500|0
333042252152|11|0|6|7106|0
362925837140|1|0|0|10|0
372965507218|1|0|0|12|0
362831555393|1|0|0|296|0
362895515542|1|0|0|362|0
372940089146|1|0|0|322|0
402045479405|11|0|0|83|0
372965507178|1|0|0|9|0
223278644438|1|0|0|3617|0
324076183514|1|0|0|325|0
153820010717|1|0|0|220|0
274168557679|1|0|0|1480|0
362882908621|1|0|0|290|0
114094831814|1|0|0|239|0
223880406422|1|0|0|170|0
143488829704|1|0|0|369|0
352932986492|2|0|0|212|0
193295488467|136|0|0|402|0
233466883931|1|0|0|217|0
233485473978|1|0|0|188|0
362905370768|1|0|0|157|0
274282812819|1|0|0|375|0
372915000126|1|0|0|247|0
174148597386|1|0|0|99|0
233505349361|1|0|0|16|0
401965557477|1|0|0|418|0
362895510669|1|0|0|219|0
233390306563|1|0|0|2420|0
223926820007|1|0|0|33|0
254414030148|1|0|0|750|0
362923062402|1|0|0|37|0
114046892989|5|0|0|128|0
323922233702|1|0|0|267|0
202905763265|1|0|0|65|0
184004612173|1|0|0|254|0
324075074836|1|0|0|55|0
113925501791|1|0|0|857|0
193009561591|2|0|1|1079|0
183896117368|2|0|1|1458|0
254414020504|1|0|0|229|0
372915000052|1|0|0|202|0
402045322185|7|0|0|66|0
233383007292|1|0|0|753|0
362898801185|1|0|0|224|0
113895819096|1|0|0|378|0
202725396671|15|0|6|13146|1
233502428203|1|0|0|205|0
133030950570|1|0|0|458|0
113735313648|2|0|0|675|0
372929987541|1|0|0|115|0
113918714147|2|0|0|901|0
372965507227|1|0|0|7|0
372916338691|1|0|0|176|0
283752075730|1|0|0|66|0
362889188964|3|0|0|232|0
114126401929|1|0|0|37|0
183847824348|1|0|0|1246|0
372929994804|1|0|0|142|0
123880638624|1|0|0|308|0
174155495450|1|0|0|125|0
124072669514|1|0|0|169|0
401878853315|1|0|0|831|0
362895515392|1|0|0|156|0
362889188904|2|0|0|154|0
202307222203|38|0|9|18076|2
362889188906|2|0|0|110|0
153844472024|1|0|0|1|0
153804214356|11|0|0|99|0
153804229297|11|0|0|69|0
362895515596|1|0|0|254|0
143535193314|23|0|13|614|0
193178228346|1|0|0|1148|0
174196192371|1000|0|0|27|0
193177182164|1|0|0|2121|0
133255791757|4|0|3|847|0
383305840074|1|0|0|537|0
143332224864|16|0|9|5012|0
132814808420|9|0|8|9322|0
133219877878|5|0|0|1450|0
303496546268|11|0|0|48|0
143359151564|11|0|2|1704|0
142988485438|5|0|4|6136|0
392458164694|3|0|0|841|0
193213474415|1|0|0|90|0
264489484258|10|0|0|2161|0
392695473652|1|0|0|33|0
142606150224|3|0|2|5972|0
142987223326|2|0|1|2140|0
143332092586|6|0|1|1846|0
143425202185|3|0|0|748|0
133344184523|1|0|0|6|0
143541089414|1|0|0|6|0
392458164838|11|0|0|513|0
132416489061|2|0|1|2518|0
303496545398|2|0|0|69|0
133103593989|7|0|0|841|0
392297714612|19|0|0|583|0
173691025368|2|0|0|2035|0
293439584879|1|0|0|427|0
312788987897|8|0|0|972|0
264489484265|2|0|0|953|0
362751766461|12|0|0|766|0
264489481716|10|0|2|768|0
303496547819|4|0|0|106|0
362730816216|15|0|3|2279|0
133066583187|30|0|0|2949|0
143319461600|5|0|0|1079|0
312975590181|5|0|0|85|0
303496567584|5|0|0|67|0
153602346294|5|0|0|1182|0
392299610032|13|0|0|444|0
142838493498|1|0|0|3547|0
142838493506|1|0|0|1511|0
312813018166|10|0|0|228|0
312788988237|7|0|0|542|0
143438768259|1|0|0|1069|0
392480586369|9|0|0|272|0
312845586438|10|0|0|206|0
392684909112|10|0|0|63|0
132670138912|1|0|0|2244|0
303361298728|3|0|0|1060|0
312813028115|10|0|0|230|0
143272702379|30|0|0|1259|0
312956907663|3|0|0|88|0
132832397254|3|0|0|902|0
313004434474|1|0|0|30|0
312813019125|5|0|0|290|0
392492817312|10|0|0|250|0
312875921510|10|0|0|206|0
153790547851|3|0|0|327|0
143336553862|21|0|11|8493|0
312620196503|6|0|0|603|0
312993514130|14|0|0|53|0
392695473688|1|0|0|30|0
312937400480|10|0|0|105|0
132832397262|1|0|0|628|0
312813018466|10|0|0|208|0
143541344983|1|0|0|4|0
143541344950|1|0|0|3|0
312788988170|3|0|0|516|0
133104215673|1|0|0|749|0
312740415171|11|0|0|494|0
143502192143|6|0|0|96|0
312813017908|10|0|0|246|0
362923051345|4|0|0|71|0
143541390281|1|0|0|3|0
312813014405|10|0|0|242|0
312788987849|8|0|0|549|0
392651435196|3|0|0|187|0
143159174411|1|0|0|1211|0
312875919915|1|0|0|254|0
391870594009|9|0|3|2997|0
133219860274|2|0|0|462|0
312612410939|25|0|0|597|0
312612410347|10|0|0|649|0
392492805279|10|0|0|231|0
392492805539|10|0|0|207|0
312813013836|10|0|0|267|0
312826345523|10|0|0|203|0
392510975242|10|0|0|211|0
312975590452|10|0|0|75|0
392308904632|13|0|0|560|0
312813012343|10|0|0|217|0
312813021918|10|0|0|229|0
312735181212|24|0|0|771|0
312620192596|13|0|0|448|0
312612410282|13|0|0|526|0
392458164731|7|0|0|597|0
312782948827|8|0|0|303|0
312931741956|19|0|0|182|0
392663807659|5|0|0|68|0
392492836141|10|0|0|244|0
312788987955|8|0|0|464|0
143332478009|10|0|0|698|0
312607127218|27|0|0|655|0
392695473539|10|0|0|31|0
312813013640|10|0|0|215|0
312788987722|7|0|0|441|0
312813024475|10|0|0|229|0
132580398457|8|0|0|2826|0
392641715529|10|0|0|90|0
312813022114|10|0|0|216|0
143159136160|4|0|0|1887|0
312956904476|3|0|0|101|0
264492701051|5|0|0|516|0
392547347068|10|0|0|171|0
142838493471|2|0|0|1331|0
392510980696|10|0|0|251|0
264495381180|1|0|0|719|0
362923052008|5|0|0|54|0
362923051376|5|0|0|57|0
303280453455|12|0|0|703|0
312893230635|10|0|0|154|0
133067481433|19|0|0|454|0
392547348225|10|0|0|172|0
392510976242|10|0|0|200|0
312740415084|11|0|0|454|0
392632324586|8|0|0|119|0
312875919419|17|0|0|203|0
392505203329|10|0|0|214|0
303360026300|9|0|0|1213|0
312893230220|15|0|0|161|0
143529261213|6|0|0|120|0
392492815075|5|0|0|228|0
392492823066|10|0|0|215|0
312813022700|10|0|0|278|0
312612410732|12|0|0|508|0
312846206712|10|0|0|189|0
392547348083|10|0|0|176|0
362785451247|3|0|0|421|0
392297714723|15|0|0|536|0
312813024422|10|0|0|200|0
143292025664|3|0|0|973|0
132976427491|6|0|1|3588|0
392492814717|5|0|0|211|0
312612411030|1|0|0|573|0
142315146965|4|0|2|6859|0
312813027323|10|0|0|213|0
312644470709|1|0|0|658|0
312612408171|20|0|0|549|0
333351757512|4|0|0|426|0
391870593319|9|0|7|4185|0
333354534824|5|0|0|354|0
143501341436|7|0|0|77|0
312975590121|10|0|0|64|0
392663807509|10|0|0|59|0
143475827009|2|0|0|180|0
392339222785|1|0|0|451|0
392387284867|5|0|0|440|0
392308900638|10|0|0|628|0
312735180997|3|0|0|422|0
392492815325|10|0|0|249|0
312875920381|7|0|0|191|0
362734093259|4|0|1|927|0
392663807482|10|0|0|67|0
392492805843|10|0|0|217|0
392492805814|10|0|0|231|0
312949687443|10|0|0|87|0
312607129883|15|0|0|747|0
142988096589|4|0|1|3448|0
312845594094|10|0|0|192|0
312788985647|1|0|0|276|0
392458164800|12|0|1|680|0
312956907748|3|0|0|71|0
174099171234|2|0|1|1283|0
392535842052|10|0|0|197|0
392492806152|10|0|0|216|0
392459548631|13|0|0|222|0
392535840266|5|0|0|174|0
264489482825|2|0|0|559|0
362754902165|12|0|0|857|0
312813025121|10|0|0|212|0
312875919488|12|0|0|212|0
312612408282|15|0|0|498|0
392492805103|10|0|0|229|0
312875915544|10|0|0|146|0
273988053614|3|0|0|738|0
143501435039|3|0|0|69|0
392646911450|3|0|0|82|0
312642173850|19|0|0|514|0
303311115550|3|0|0|474|0
392492815483|10|0|0|215|0
303322620974|6|0|0|458|0
392535843078|25|0|0|327|0
312931742235|17|0|0|193|0
312845584473|5|0|0|182|0
312788989672|5|0|0|274|0
392492816567|5|0|0|245|0
312642164607|27|0|0|509|0
392492836023|10|0|0|238|0
163898539177|3|0|0|418|0
153677989334|6|0|0|292|0
254283224480|5|0|3|2792|0
262898759919|31|0|13|18090|0
264384376149|1|0|0|1149|0
253230149109|11|0|1|8274|0
273884582043|6|0|2|3401|0
253233256085|3|0|0|3245|0
254452235277|4|0|1|170|0
254452228336|3|0|0|187|0
264565631149|6|0|1|201|0
302408486210|9|0|8|21445|0
253123656959|25|0|7|12142|0
253230074053|8|0|4|5303|0
372893300904|4|0|0|1119|0
293456238743|1|0|0|83|0
303139306641|6|0|0|4215|0
303421523679|9|0|0|298|0
333354891709|495|0|0|38|0
333395285386|495|0|0|42|0
193312105473|11|0|0|76|0
333483421941|495|0|0|30|0
333486517288|495|0|0|14|0
333405137689|495|0|0|26|0
333451582548|495|0|0|71|0
312963763783|1|0|0|44|0
372961172340|5|0|0|91|0
143536061506|6|0|0|79|0
372871413341|1|0|0|170|0
362925757030|1|0|0|18|0
323853440296|37|0|19|14485|0
362889170623|1|0|0|331|0
283774386285|2|0|0|110|0
362889188904|2|0|0|154|0
332667297132|71|0|30|27217|0
372922396917|2|0|0|215|0
372929987541|1|0|0|115|0
362884831360|1|0|0|123|0
123773412919|22|0|0|522|0
223490957854|2|0|1|6607|0
113755012932|5|0|0|302|0
233506081528|1|0|0|8|0
233506086668|1|0|0|10|0
233506193796|1|0|0|12|0
362925734705|1|0|0|11|0
362925738841|1|0|0|10|0
362925738921|1|0|0|10|0
362925828306|1|0|0|11|0
233466212964|1|0|0|210|0
372958821308|1|4|0|487|0
233506192377|1|0|0|13|0
233506192426|1|0|0|14|0
233506192454|1|0|0|13|0
233506270576|1|0|0|14|0
362925826457|1|0|0|11|0
362925826598|1|0|0|16|0
193336078918|3|0|0|367|0
362925734706|1|0|0|12|0
362925738906|1|0|0|10|0
113992387462|4|0|1|291|0
372961415958|1|0|0|67|0
113315667638|1|0|0|1312|0
233506118986|1|0|0|10|0
233506119125|1|0|0|14|0
372965551764|1|0|0|15|0
372965551828|1|0|0|11|0
362883717869|1|0|0|129|0
113755013844|4|0|0|268|0
113992391839|3|0|0|196|0
143437125261|10|0|1|825|0
362925884600|1|0|0|12|0
362925738875|1|0|0|10|0
362925828250|1|0|0|14|0
233503330745|1|0|0|62|0
233506119072|1|0|0|13|0
123992103269|3|0|0|226|0
202801690616|1|0|0|1764|0
362925735386|1|0|0|12|0
372965507218|1|0|0|12|0
372965634849|1|0|0|11|0
312893206893|1|0|0|479|0
372962602637|1|0|0|54|0
264531791485|1|0|0|170|0
273813540671|7|0|2|925|0
362925846385|1|0|0|13|0
372965648985|1|0|0|14|0
372965507227|1|0|0|7|0
123992103266|3|0|0|135|0
233471430075|1|0|0|121|0
362889146065|1|0|0|117|0
233505347066|1|0|0|15|0
362924963017|1|0|0|14|0
372964786348|1|0|0|13|0
372962603130|3|0|0|58|0
123992103168|3|0|0|179|0
362923071555|1|0|0|31|0
324074500866|1|0|0|63|0
113992389141|3|0|0|128|0
113992391838|8|0|0|120|0
233496817997|1|0|0|78|0
273813540685|1|0|0|493|0
372922396955|1|0|0|175|0
223749814533|15|0|0|539|0
113992391568|3|0|0|134|0
123992103162|3|0|0|92|0
362882790363|2|0|0|1009|0
123992101167|3|0|0|127|0
113992388634|3|0|0|95|0
312893277953|2|0|1|2167|0
123992102209|3|0|0|133|0
233466883395|1|0|0|244|0
191711103907|296|0|269|126675|0
113992388410|3|0|0|103|0
113992388638|3|0|0|113|0
123992102208|3|0|0|126|0
123992102210|3|0|0|100|0
324077955116|2|0|0|43|0
143437754900|10|0|0|565|0
362924959678|1|0|0|17|0
372962599636|1|0|0|69|0
362923072312|1|0|0|49|0
362924963038|1|0|0|15|0
233466883408|3|0|0|166|0
274146242568|10|0|3|313|0
113992384500|3|0|0|239|0
293379023289|1|0|0|819|0
193347780942|1|0|0|165|0
362895510669|1|0|0|219|0
254222547802|3|0|0|260|0
362925927033|1|0|0|28|0
372838031382|1|0|0|246|0
123992101762|3|0|0|109|0
123563603020|192|0|146|58335|0
362924962943|1|0|0|19|0
362925735439|1|0|0|14|0
113992391615|3|0|0|124|0
113992388981|3|0|0|87|0
362924962914|1|0|0|10|0
123992100927|3|0|0|113|0
123992101759|3|0|0|110|0
123992103528|3|0|0|192|0
312952734038|3|0|0|169|0
123992103616|3|0|0|141|0
183951163733|4|0|0|1160|0
273813540704|4|0|0|1193|0
123827914849|45|0|16|3741|0
312668776914|4|0|3|902|0
254221372639|3|0|0|256|0
273813540708|2|0|0|729|0
124066940476|2|0|0|110|0
264311052434|3|0|0|289|0
312893164808|1|0|0|304|0
123317413836|3|0|1|3743|0
264312412462|3|0|0|397|0
123992098211|3|0|0|109|0
123992101166|3|0|0|138|0
123842191371|2|0|0|892|0
123842189168|5|0|4|2562|0
264575185166|3|0|0|22|0
122893925677|9|0|8|19511|0
264309725832|3|0|0|235|0
254452417428|3|0|0|500|0
123280666869|6|0|4|7232|0
254433010287|3|0|0|478|0
254433008989|3|0|0|690|0
264565855890|3|0|0|86|0
264312421983|3|0|0|574|0
123202267981|6|0|4|3491|0
254452419346|3|0|0|629|0
133092691424|1|0|0|1577|0
264575040700|3|0|0|388|0
143493290069|4|0|0|3241|0
143502306134|3|0|1|1633|0
273955386209|4|0|0|105|0
143493292382|3|0|2|2577|0
143493296877|1|0|0|1154|0
223897088554|1|0|0|102|0
223687710393|2|0|1|215|0
264483214095|1|0|0|185|0
264489296818|1|0|0|231|0
264517067034|1|0|0|492|0
303434209693|1|0|0|124|0
223750883724|1|0|0|200|0
143494478672|2|0|0|1450|0
223750883575|1|0|0|319|0
283700514683|1|0|0|126|0
223759136941|1|0|0|315|0
273561462030|20|0|5|5008|0
264483219040|1|0|0|256|0
223687714668|1|0|0|542|0
283629526044|1|0|0|241|0
264489296816|1|0|0|231|0
264533985211|1|0|0|339|0
303434203388|1|0|0|256|0
113992389146|3|0|0|113|0
263896428553|1|0|0|3554|0
264483219106|1|0|0|338|0
303434201219|1|0|0|305|0
303434197762|1|0|0|208|0
283594683672|1|0|0|2195|0
303434206370|1|0|0|126|0
303434202892|1|0|0|47|0
303497143327|1|0|0|56|0
153839223792|1|15|0|448|0
302693322344|1|0|0|1948|0
303484252380|5|0|2|665|0
183896117368|2|0|1|1458|0
132661369874|1|0|0|3154|0
202914289853|1|0|0|53|0
273825424527|1|0|0|1902|0
172961987046|1|0|0|1514|0
302387505317|1|0|0|10245|0
323924854425|1|0|0|493|0
184043964531|1|0|0|58|0
254299286059|2|0|1|103|0
143359151729|11|0|1|811|0
133002126736|1|0|0|401|0
133103165843|7|0|0|155|0
133104217618|5|0|0|225|0
254332063692|6|0|0|94|0
254299286037|2|0|1|65|0
142988162426|1|0|0|307|0
143272702464|19|0|0|204|0
132013115487|1|0|0|1499|0
132129545991|2|0|0|1488|0
172807705687|4|0|0|7777|0
172156437776|6|0|0|2344|0
143272702438|30|0|0|398|0
132417432412|1|0|0|1153|0
132401658191|3|0|0|969|0
133149568349|1|0|0|53|0
143332478065|8|0|0|105|0
133104217590|1|0|0|334|0
133307227437|2|0|0|78|0
132832398619|3|0|0|698|0
132829639927|6|0|0|266|0
223923292667|3|0|0|9|0
223923292582|2|0|0|9|0
324080292831|4|0|0|7|0
223927758572|3|0|0|2|0
324080292957|2|0|0|11|0
333351757505|16|0|2|1643|0
372965899783|20|0|0|3|0
173673892924|7|0|0|599|0
174197949012|1|0|0|8|0
174197948594|1|0|0|9|0
124091956063|1|0|0|8|0
124091956077|1|0|0|7|0
174197948554|1|0|0|6|0
124091975119|2|0|0|11|0
324081986506|2|0|0|5|0
124091975428|3|0|0|7|0
174197948642|1|0|0|8|0
223925120666|2|0|0|8|0
174197948634|1|0|0|6|0
323915285740|2|0|0|55|0
264489481733|2|0|1|1129|0
174197997533|1|0|0|8|0
124091956062|1|0|0|10|0
293374025240|2|0|0|38|0
172958239874|1|0|0|405|0
132417432311|1|0|0|1011|0
174197997563|2|0|0|9|0
124091975101|2|0|0|10|0
174197948576|1|0|0|9|0
324079483598|2|0|0|8|0
324081003347|4|0|0|9|0
174197948557|1|0|0|11|0
223922371151|8|0|0|8|0
174197948396|1|0|0|9|0
174197948414|1|0|0|7|0
174197948436|1|0|0|8|0
324081081105|2|0|0|9|0
174197948467|2|0|0|7|0
223874679021|2|0|0|24|0
324080302177|8|0|0|9|0
324025757132|2|0|0|23|0
124091975203|1|0|0|7|0
323992003202|4|0|0|34|0
223915652863|5|0|0|12|0
124084160922|2|0|0|19|0
223823821209|5|0|0|33|0
174197948308|1|0|0|7|0
174197948404|1|0|0|9|0
324080197720|4|0|0|8|0
223811107340|1|0|0|82|0
223788190100|5|0|0|74|0
223909235499|6|0|0|12|0
124091955985|1|0|0|8|0
372928883442|12|0|0|28|0
372922524923|4|0|0|23|0
124071845703|2|0|0|10|0
174181408859|3|0|0|12|0
174197948440|1|0|0|8|0
143317582675|6|0|0|1907|0
324063443545|2|0|0|29|0
324056345730|6|0|0|20|0
174197948316|1|0|0|9|0
184186959505|1|0|0|0|0
324058683218|1|0|0|13|0
124091955954|1|0|0|6|0
223768345447|3|0|0|36|0
174197948560|1|0|0|8|0
123973661243|2|0|0|29|0
324057008331|4|0|0|19|0
223788190255|8|0|0|18|0
174181409021|2|0|0|8|0
124071845633|2|0|0|13|0
324053280415|2|0|0|17|0
174091340440|1|0|0|28|0
391835038185|6|0|5|7280|0
324037773303|1|0|0|15|0
223884199992|3|0|0|11|0
124071845530|1|0|0|13|0
124071845747|1|0|0|9|0
303311115550|3|0|0|474|0
124071845709|3|0|0|10|0
174181409154|2|0|0|11|0
383378416178|30|0|0|28|0
223884022467|3|0|0|16|0
324080274518|4|0|0|9|0
223884199998|6|0|0|16|0
174095448902|2|0|0|46|0
124071845787|3|0|0|8|0
223877818112|6|0|0|16|0
223788190126|4|0|0|33|0
324014584228|4|0|0|26|0
223788190143|2|0|0|44|0
223788190271|4|0|0|18|0
324023158175|6|0|0|22|0
264489484258|10|0|0|2161|0
232655437546|6|0|0|479|0
323974104294|2|0|0|31|0
223768345353|2|0|0|36|0
223788190098|4|0|0|27|0
223788190134|4|0|0|23|0
223873202171|5|0|0|20|0
324007456749|6|0|0|21|0
303409109580|1|0|0|11|0
323992003336|6|0|0|39|0
223818717111|4|0|0|24|0
324007456678|8|0|0|19|0
323992003255|4|0|0|22|0
223807342329|1|0|0|38|0
323992003225|4|0|0|30|0
223788190281|3|0|0|25|0
223807239478|4|0|0|23|0
174181409052|2|0|0|11|0
293384638909|1|0|0|17|0
223733829956|2|0|0|38|0
174158110562|3|0|0|21|0
174197948592|1|0|0|9|0
143186759751|1|0|0|2831|0
174175113998|6|0|0|16|0
264195098690|8|0|0|57|0
303400743942|2|0|0|25|0
223805488483|2|0|0|32|0
324026549667|2|0|0|25|0
223884078936|2|0|0|18|0
223808875004|6|0|0|19|0
324072238254|6|0|0|11|0
223788190246|2|0|0|38|0
324007456694|2|0|0|30|0
123948057279|3|0|0|62|0
123948068365|3|0|0|32|0
174080594995|3|0|0|38|0
174115629445|3|0|0|27|0
223766691739|2|0|0|25|0
174086477260|2|0|0|42|0
223909235481|3|0|0|8|0
124012731654|3|0|0|23|0
124012731639|2|0|0|22|0
174124176798|3|0|0|22|0
123998659126|3|0|0|29|0
324027511869|2|0|0|22|0
124012731523|1|0|0|22|0
174127045984|1|0|0|26|0
123963986778|2|0|0|39|0
312813038377|10|0|0|327|0
324023151435|6|0|0|30|0
174127046099|2|0|0|23|0
123948068500|2|0|0|99|0
312735181212|24|0|0|771|0
174124176799|2|0|0|26|0
264195098627|5|0|0|103|0
264195098668|6|0|0|176|0
174146109116|3|0|0|23|0
233196649972|5|0|0|130|0
123948068389|7|0|0|35|0
124003790517|3|0|0|20|0
323968405782|1|0|0|38|0
132401066535|5|0|2|5131|0
312642181512|37|0|0|525|0
182361005352|1|0|0|1330|0
392308906912|49|0|0|537|0
233295121221|1|0|0|56|0
274246141380|10|0|2|1344|0
133102802100|6|0|1|3312|0
143541106434|1|0|0|11|0
293091977549|4|0|0|317|0
174123188345|2|0|0|24|0
392492828743|10|0|0|325|0
153790522364|3|0|0|1231|0
391835045462|6|0|2|3840|0
293377232731|2|0|0|16|0
402035284674|4|0|0|503|0
174197948353|1|0|0|8|0
392492876770|10|0|0|318|0
392294708475|10|0|0|898|0
223886807074|4|0|0|13|0
303156494666|6|0|2|1267|0
223923125275|2|0|0|9|0
333351757523|3|0|0|779|0
392492877515|5|0|0|306|0
273625528482|10|0|2|6469|0
272790098626|14|0|6|18003|0
303418834625|12|0|0|1175|0
272598896657|13|0|4|4910|0
323755043497|1|0|0|1851|0
163898539177|3|0|0|418|0
264566506133|5|0|0|199|0
223522639492|1|0|0|452|0
162334045405|25|0|0|2188|0
143484956036|10|0|0|297|0
223811149565|6|0|0|1339|0
272645595658|10|0|2|1386|0
233386278056|100|0|0|545|0
254452215874|25|0|0|234|0
264565631149|6|0|1|201|0
323810980447|1|0|0|338|0
283302170295|2568|0|0|2236|0
223469568329|6|0|0|743|0
223476006983|7|0|0|589|0
143305806597|2|0|0|321|0
174201067216|10|0|0|13|0
223542366293|1|0|0|610|0
223476006963|1|0|0|665|0
303421522336|7|0|3|3258|0
372962602637|1|0|0|54|0
372661591899|8|0|2|4121|0
303421522323|9|0|0|580|0
372962599636|1|0|0|69|0
193315086237|1|0|0|180|0
333504981317|495|0|0|54|0
193312097670|11|0|0|205|0
333440213970|496|0|1|92|0
362895510669|1|0|0|219|0
333402959417|495|0|0|115|0
362889170623|1|0|0|331|0
333505201887|495|0|0|42|0
372961172340|5|0|0|91|0
143536061506|6|0|0|79|0
193336078918|3|0|0|367|0
372962603130|3|0|0|58|0
332667297132|71|0|30|27218|0
233506192377|1|0|0|13|0
233506192426|1|0|0|14|0
233506192454|1|0|0|13|0
362925826457|1|0|0|11|0
362925826598|1|0|0|16|0
273955386140|4|0|0|174|0
333457910933|495|0|0|81|0
233506270576|1|0|0|14|0
233506081528|1|0|0|8|0
233506086668|1|0|0|10|0
233506118986|1|0|0|10|0
362925757030|1|0|0|18|0
233506119125|1|0|0|14|0
233506193796|1|0|0|12|0
372958821308|1|4|0|487|0
362925734705|1|0|0|11|0
362925738841|1|0|0|10|0
362925927033|1|0|0|28|0
362925738921|1|0|0|10|0
362925828306|1|0|0|11|0
143493290069|4|0|0|3241|0
372965551764|1|0|0|15|0
372965551828|1|0|0|11|0
333440384752|495|0|0|47|0
362925734706|1|0|0|12|0
293379023289|1|0|0|819|0
362925738906|1|0|0|10|0
264517067034|1|0|0|492|0
372965634849|1|0|0|11|0
233505347066|1|0|0|15|0
362923071555|1|0|0|31|0
362924959678|1|0|0|17|0
362924963017|1|0|0|14|0
362924963038|1|0|0|15|0
143493296877|1|0|0|1154|0
372964786348|1|0|0|13|0
362925735386|1|0|0|12|0
233471430075|1|0|0|121|0
372965507218|1|0|0|12|0
362925884600|1|0|0|12|0
372961415958|1|0|0|67|0
362889146065|1|0|0|117|0
233506119072|1|0|0|13|0
362925738875|1|0|0|10|0
362925828250|1|0|0|14|0
362923072312|1|0|0|49|0
372965507227|1|0|0|7|0
283774386285|2|0|0|110|0
362925846385|1|0|0|13|0
372965648985|1|0|0|14|0
273561462030|20|0|5|5008|0
312893277953|2|0|1|2167|0
362883717869|1|0|0|129|0
362924962914|1|0|0|10|0
362889188904|2|0|0|154|0
183951163733|4|0|0|1160|0
362924962943|1|0|0|19|0
233466212964|1|0|0|210|0
123842191371|2|0|0|892|0
323853440296|37|0|19|14485|0
283594683672|1|0|0|2195|0
264531791485|1|0|0|170|0
372838031382|1|0|0|246|0
263896428553|1|0|0|3554|0
143437125261|10|0|1|825|0
143437754900|10|0|0|565|0
372871413341|1|0|0|170|0
133092691424|1|0|0|1577|0
372922396917|2|0|0|215|0
254452416024|3|0|0|191|0
223490957854|2|0|1|6607|0
264311052434|3|0|0|289|0
312893206893|1|0|0|479|0
283629526044|1|0|0|241|0
273813540704|4|0|0|1193|0
324077955116|2|0|0|43|0
124066940476|2|0|0|110|0
233503330745|1|0|0|62|0
283700514683|1|0|0|126|0
223687710393|2|0|1|215|0
191711103907|296|0|269|126675|0
264483214095|1|0|0|185|0
254221372639|3|0|0|256|0
223897088554|1|0|0|102|0
223750883724|1|0|0|200|0
143502306134|3|0|1|1633|0
264483219106|1|0|0|338|0
254222547802|3|0|0|260|0
233496817997|1|0|0|78|0
223749814533|15|0|0|539|0
254433008989|3|0|0|690|0
233466883408|3|0|0|166|0
273813540708|2|0|0|729|0
264575040700|3|0|0|388|0
372929987541|1|0|0|115|0
274146242568|10|0|3|313|0
273813540685|1|0|0|493|0
324074500866|1|0|0|63|0
223759136941|1|0|0|315|0
362882790363|2|0|0|1009|0
312668776914|4|0|3|902|0
143494478672|2|0|0|1450|0
362925735439|1|0|0|14|0
193347780942|1|0|0|165|0
312893164808|1|0|0|304|0
264565855890|3|0|0|86|0
372922396955|1|0|0|175|0
264489296818|1|0|0|231|0
362884831360|1|0|0|123|0
233466883395|1|0|0|244|0
264489296816|1|0|0|231|0
143493292382|3|0|2|2577|0
254452417428|3|0|0|500|0
312952734038|3|0|0|169|0
264312421983|3|0|0|574|0
202801690616|1|0|0|1764|0
264483219040|1|0|0|256|0
223750883575|1|0|0|319|0
123280666869|6|0|4|7232|0
123317413836|3|0|1|3743|0
122893925677|9|0|8|19511|0
273813540671|7|0|2|925|0
123842189168|5|0|4|2562|0
264533985211|1|0|0|339|0
123202267981|6|0|4|3491|0
113755012932|5|0|0|302|0
123992103168|3|0|0|179|0
264309725832|3|0|0|235|0
113992391839|3|0|0|196|0
264312412462|3|0|0|397|0
113992389141|3|0|0|128|0
223687714668|1|0|0|542|0
113992383996|3|0|0|127|0
254433010287|3|0|0|478|0
123992103162|3|0|0|92|0
254452419346|3|0|0|629|0
113315667638|1|0|0|1312|0
123992103269|3|0|0|226|0
123773412919|22|0|0|522|0
123992103528|3|0|0|192|0
113755013844|4|0|0|268|0
303434206370|1|0|0|126|0
303434201219|1|0|0|305|0
303434203388|1|0|0|256|0
303434197762|1|0|0|208|0
303434202892|1|0|0|47|0
123992102212|10|0|0|129|0
172961987046|1|0|0|1514|0
254520095292|1|0|0|189|0
303484252380|5|0|2|665|0
302693322344|1|0|0|1948|0
113992387462|4|0|1|291|0
292375571820|1|0|0|3054|0
333518006390|1|0|0|166|0
223875735792|1|0|0|67|0
184074855880|1|0|0|838|0
303244193765|1|0|0|374|0
163376938387|1|0|0|1716|0
223866989012|1|0|0|43|0
113992384500|3|0|0|239|0
323263789202|1|0|0|826|0
292235756726|1|0|0|2621|0
113992388645|3|0|0|134|0
184043964531|1|0|0|58|0
293490832892|1|0|0|21|0
132661369874|1|0|0|3154|0
254456827558|1|0|0|203|0
113660063905|5|0|2|12084|0
113925500403|1|0|0|503|0
133341817751|8|0|0|63|0
312983211426|1|0|0|349|0
264639197405|1|0|0|56|0
123992101355|3|0|0|130|0
223866977802|1|0|0|30|0
293475712491|1|0|0|406|0
254515962295|1|0|0|187|0
123992101357|3|0|0|96|0
323956071706|1|0|0|432|0
123992101762|3|0|0|109|0
123992101166|3|0|0|138|0
264565859776|3|0|0|58|0
123992102209|3|0|0|133|0
184186959505|1|0|0|0|0
293477271849|1|13|0|288|0
114130515259|3|0|0|2|0
181591394581|21|0|16|5350|0
264163325195|31|0|10|19078|0
274279209435|1|0|0|137|0
114130502037|2|0|0|4|0
312998807575|10|0|0|122|0
312892665970|8|0|1|242|0
293400308502|10|0|0|336|0
254520744202|1|0|0|51|0
312918563687|10|0|0|339|0
143541106434|1|0|0|11|0
324070875001|6|0|0|231|0
312882863897|2|0|1|993|0
351961750721|30|0|25|9269|0
312918604698|10|0|0|288|0
383322246737|6|0|0|251|0
324070881479|6|0|1|105|0
312988423831|3|0|0|66|0
163991433838|8|0|0|298|0
362926633053|1|0|0|4|0
173194165225|22|0|17|2563|0
361829040899|328|0|322|50149|0
163991433834|5|0|0|229|0
233486155122|1|0|0|111|0
153842671203|1|0|0|31|0
312883017039|2|0|1|350|0
264641386352|1|0|0|141|0
312892683966|10|0|0|286|0
401148689612|19|0|15|16124|0
372864190079|3|0|0|328|0
351286382854|224|0|218|55006|0
114130501772|1|0|0|4|0
293128374846|1|0|0|601|0
193334170654|1|0|0|94|0
324070885406|6|0|0|125|0
232696726525|47|0|42|7242|0
324011601554|1|0|0|247|0
174021437421|1|0|0|313|0
351405907030|34|0|29|12638|0
133066583187|30|0|0|2949|0
324070871191|6|0|0|105|0
133102802100|6|0|1|3312|0
153790522364|3|0|0|1231|0
143425202185|3|0|0|748|0
324070871516|2|0|0|171|0
161863983419|51|0|48|9619|0
233440161145|1|0|0|269|0
231589299684|14|0|9|5332|0
352296559329|33|0|28|4516|0
312572474679|1|0|0|1053|0
312799085809|2|0|0|377|0
352303065294|17|0|12|2540|0
392560219944|10|0|0|236|0
324070872137|6|0|0|116|0
233456654155|1|0|0|700|0
161973650298|28|0|24|6749|0
232205052558|12|0|8|2962|0
293379665413|10|0|0|149|0
303361160567|1|0|0|173|0
254489654037|2|0|0|73|0
324070879685|2|0|0|117|0
351198746395|103|0|98|21942|0
231860893481|29|0|26|4635|0
264633013854|1|0|0|152|0
362607138919|12|0|9|8591|0
391459761362|18|0|13|5635|0
391727432384|25|0|20|4827|0
264475215894|1|0|0|1191|0
202889411065|2|0|0|106|0
303317549523|1|0|0|269|0
264548216685|2|0|0|1016|0
193199264794|22|0|0|410|0
273636577904|1|0|0|218|0
303456728770|6|0|0|175|0
293379719356|9|0|0|279|0
324070881136|6|0|0|113|0
312584957074|5|0|0|617|0
312975590438|10|0|0|96|0
312892727946|1|0|0|219|0
303361112923|1|0|0|233|0
392257863564|5|0|0|2806|0
254020438070|13|0|10|6721|0
164032336388|2|0|0|106|0
233456684732|1|0|0|266|0
264629780071|1|0|0|112|0
272486606749|1|0|0|4677|0
172632484289|20|0|15|5594|0
114012248955|1|0|0|326|0
362811917080|3|0|0|438|0
332859289805|1|0|0|730|0
264132784534|16|0|15|5807|0
303317554947|1|0|0|269|0
362758424698|3|0|0|981|0
312525786978|45|0|0|1135|0
264630858230|1|0|0|87|0
233401353833|2|0|0|293|0
303361157704|1|0|0|208|0
293400322034|10|0|0|264|0
362926633179|1|0|0|2|0
312799058102|2|0|0|331|0
293379629906|10|0|0|432|0
171793906324|110|0|105|16560|0
292689077116|6|0|1|2221|0
174021423728|1|0|0|356|0
143361995808|1|0|0|913|0
254422193613|26|0|3|590|0
303361114475|1|0|0|219|0
303354594506|3|0|0|641|0
303148318738|1000|0|0|1560|0
391690858750|171|0|166|25652|0
372059995475|23|0|19|28495|0
233456700630|1|0|0|376|0
143317582675|6|0|0|1907|0
362597736960|5|0|2|3514|0
220977021988|269|0|259|8305|0
392185606107|7|0|2|1341|0
324070869607|6|0|0|114|0
352884823236|4|0|0|322|0
264507357936|1|0|0|799|0
303361168515|1|0|0|180|0
303368708885|3|0|0|526|0
264181446825|2|0|1|2259|0
303361167585|1|0|0|153|0
223793564901|1|0|0|231|0
233401351484|2|0|0|242|0
312892715647|1|0|0|123|0
231987050119|8|0|3|2383|0
324070881266|4|0|0|99|0
312799104872|3|0|0|356|0
231613210927|21|0|16|4563|0
333351756181|11|0|6|3452|0
312980499803|10|0|0|109|0
392632330488|10|0|0|142|0
162727373064|2|0|0|2142|0
113498436845|1|0|0|622|0
382214539315|35|0|15|13696|0
293379614711|10|0|0|198|0
274280998332|4|0|0|54|0
312798832189|7|0|0|359|0
164002962106|1|0|0|162|0
362581530209|1|0|0|748|0
164051125686|1|0|0|112|0
264638030813|1|0|0|53|0
233401196190|2|0|0|221|0
391773340369|6|0|1|1586|0
391682453517|46|0|43|14467|0
392547347847|10|0|0|222|0
331611433343|30|0|21|5976|0
254422155197|32|0|1|1054|0
303361150643|1|0|0|178|0
392492835085|10|0|0|284|0
264553667343|12|0|0|476|0
202826127268|4|0|0|265|0
351988771273|39|0|34|7338|0
333396372384|2|0|0|237|0
312813024866|10|0|0|347|0
324070885982|5|0|0|82|0
312813028096|10|0|0|313|0
324070886098|6|0|0|78|0
324083740801|1|0|0|15|0
233401357329|2|0|0|216|0
264571921650|1|0|0|271|0
264506068554|1|0|0|430|0
382213808253|20|0|8|10843|0
142606150224|3|0|2|5972|0
273943955614|4|0|1|332|0
264506108170|2|0|1|455|0
231814804978|24|0|19|6450|0
153844310998|1|0|0|26|0
253893150229|30|0|25|14537|0
303361161271|1|0|0|172|0
324070880894|6|0|0|91|0
312918569016|10|0|0|241|0
231966414746|5|0|0|2356|0
274121012199|3|0|0|215|0
312813037320|10|0|0|318|0
324070890830|6|0|0|98|0
312813027718|5|0|0|285|0
323663110368|6|0|0|2831|0
173175806000|3|0|0|1789|0
324070871602|2|0|0|80|0
392294708546|18|0|0|622|0
263442142283|14|0|11|5441|0
312683662118|1|0|0|592|0
273341525340|8|0|0|1918|0
182312548767|26|0|21|6235|0
352228779705|9|0|7|3148|0
173175763696|5|0|0|1348|0
324070874878|1|0|0|61|0
333396371537|1|0|0|191|0
223926603560|1|0|0|15|0
333467899124|3|0|2|280|0
324070881582|2|0|0|79|0
392327316166|18|0|0|534|0
324070886209|7|0|0|76|0
163372974810|1|0|0|896|0
312813028225|10|0|0|303|0
264510567134|1|0|0|307|0
223522639492|1|0|0|452|0
233386278056|100|0|0|545|0
223476053349|1|0|0|277|0
273625528482|10|0|2|6469|0
323755043497|1|0|0|1851|0
272790098626|14|0|6|18003|0
223469568329|6|0|0|743|0
143305806597|2|0|0|321|0
223476006983|7|0|0|589|0
174201067216|10|0|0|13|0
